7840042136
7106034901
9718075418
0276925691
5257175756
3702184410
6027185462
6732126443
7710929833
1660171967
1215182176
3812155980
7724926832
7725833041
4704053528
7715575722
7841394540
7105043029
6165194119
7810575218
1001345779
6612020685
7702785271
5001076530
5258101370
0816017626
3808180423
6686097957
4028065044
7725389965
7813644741
6318224780
6230078370
5257133315
4253008784
2722030914
5401999692
7733887442
2311175991
3023007819
7751522846
7820303220
2351010379
2635245624
2466227120
1661031987
2724160852
7720594833
2225187030
7727334320
7728386585
5031127849
7453250876
3702688986
1901110900
5609185156
5047196005
7708809480
5029183564
1510017116
2311099998
3662114809
7726716453
3810329448
5075024022
5047227510
7707846150
4821047165
7716242934
7203335301
3525343081
0278105341
3321020830
7430029935
7536170127
4205366388
5914017430
7841442793
2630025262
7841376741
7202079408
7405006476
0276133505
2315100299
5752046628
9705063126
6230071039
0711023894
7810685620
3810069790
2310045573
7801317926
1326236229
3528309674
5107917511
5031136307
1906004535
3801990877
6950180803
7203308731
7838504111
2724213590
5440112057
0725019584
2308232625
5249149230
5257009364
5031133440
5404448728
5407470584
7702796548
7731432009
7724843512
5263093879
2901173147
6685096213
2311196279
6155073186
7731161599
7203416590
7536134785
2614800563
7841480573
3122510220
7723904787
7731469070
0548012186
7713778290
2460249600
7733262867
7724345958
7720325982
2320184311
7605016190
7717736213
2635813813
1701051598
2635815803
2465281319
4028051676
7706801823
5042129848
7814589885
7704876319
7716786726
6165559666
1832121070
7806534191
7743942075
7802390686
2632809551
5029178282
7810466811
6658387446
7718849675
7728641644
4510022577
6670479284
6686113503
7725108220
7719008700
3232018155
7726688171
7722763614
7451299227
3701043054
6165190805
7602107191
2130138490
7702838004
7451392931
6670330950
6686018970
6686017253
6686014051
7627038912
7734690760
7705525384
6372020865
1001280881
0276906522
4345378376
7709453148
4514100402
7705938215
7721029464
6154561470
7302037137
2225065226
7703325446
7536116271
4001009645
9718051907
5409234543
5190078386
4501221706
7017452583
6226013348
2902080946
7734667376
1901053715
7723017312
7714172632
7715862759
2315177407
3665122935
3123139520
4401093899
5702013592
9701062883
2635225392
9723005053
2456015712
9721040246
4501212660
6167137540
3255506825
7460016411
7702446303
7727395266
6658138707
6658081948
0274913669
7720334923
7720335067
5406604620
2312223398
5031029351
7840082555
9705121258
2124045262
1435333945
4501220491
9717069355
5017117214
1109000392
5624020511
7718868981
6130702749
5754003330
7811381649
3904605397
1833035497
5643022352
7315905140
6807002906
7807305980
7704767172
2801154567
7713580773
7203486484
7716924694
9729276719
0273923061
9710070062
3015114302
4025434857
3305717888
7606090541
0608034853
1615009497
7817333722
7716790881
6325064921
7705242611
7724002541
6686056990
7804119961
7743186686
9102222440
7813428420
0276131674
8606014599
7017280119
9717037593
7704368210
7724703018
7733304309
7842119730
6230100089
7455027721
7714424664
6102066523
3316018553
1832035335
3666126114
7452103205
7728641838
7801497740
9729059471
2309154426
6950043966
4501205510
7730191858
4212031784
3811128342
7718886123
6949008727
7814441790
5405396504
7805620200
7805623113
5026016244
7705924999
9110025269
7604369114
7106022952
7114009049
7107108680
9729118776
7722407775
1660279022
7839071005
7743237210
6164118690
7715988818
1215177680
4704103218
5043063477
7811682692
5902041036
7203405421
2349032287
7719738706
9102220570
0276917806
7814734275
6952314883
0917035036
1832149830
6952314876
6111008479
1121025749
5190065757
2628057901
7735157642
5009107950
5440110331
5505214638
5263068713
2536321923
5258139729
8001018750
6950224514
7802681766
5024191138
5904115861
4205197740
0326042334
7804657092
0265049234
0266055174
3702178600
2223580260
1650077764
5016013540
3702197346
7802627977
2808001993
7735151626
7703792715
2543034888
7708794716
1657132277
6215032229
5001120282
9715277423
3444186761
5503229822
5948051478
7715868542
6679103511
7606114841
2722098214
1655391780
1837018100
2312271024
9701107855
7743254030
7723851285
2311150066
5230004295
2635826989
6452047654
7705214854
6167131555
1658033159
6323113228
2615004003
3904080541
7728750876
4205351737
6321426948
7736293214
7839376014
5029037242
7805447316
2722125228
1108021294
7448099972
5044073799
7716750751
2539041018
1658198111
5902042079
2463106858
7723766270
7709858627
7814730224
7715856882
7716685051
6230076439
9102000278
9102002807
7709960099
9103001316
0278217599
7840517189
9718111881
6155079607
2311265099
2636215894
7743224740
5032289881
6950210945
6950210906
5403008523
5029202457
3525355672
4205316436
8617033459
7727269529
5835114141
4632207938
7448048086
1101151921
0573010471
7816656640
7801344260
2635235168
7734413357
2536310551
7801319151
7730215629
2540112802
7715670648
7731350290
3327136326
4345462370
7726438862
7703464513
7706456461
7802673973
1435159327
5506220190
6234080027
7203490709
1839009461
6318025008
7839082840
4823071558
6148001656
5433955433
7460007311
9723002239
7724398290
0726017558
3811133215
2015045015
6451009511
3811433843
7811606130
9701106379
7723670377
7704695778
7724707703
9705000373
1435292343
1101009467
1435292400
6949108841
7731334146
6678007011
5022057296
7726444961
2225164499
6165196797
7716806860
0276908030
4401104325
6229083720
0725021030
7704665741
6318120357
6321261206
7804430454
5021001371
7727611728
3250056065
7805523503
1831080430
3234016837
6114011430
7451305174
0279998257
5422114598
6671096460
7801548666
7724579378
7802449234
7724609103
2625029014
2612017710
5262147360
5035027450
9705043095
3102023549
7729466459
7743107853
0265042165
7708247248
7802268887
1639050800
3123293970
7725744176
7602080951
7720714033
7709300920
2721195455
8904077001
5190042728
3525315334
6230107214
6325072640
6162078668
7838401074
7604117452
7706769190
6367009094
6673188646
6679071355
7327011243
7811394038
7717603069
4246017629
7536038270
7724728630
3711021268
3711020850
1901113643
7839479468
6686027815
3810331060
6623094424
6501221587
8401008234
1901113202
7743789420
3907005863
1101137821
2611700610
7448168721
2465313641
6612044735
6950142131
5504072660
6154074973
6161027741
6164067510
6166095784
5260459596
1435337643
7451437967
2130206574
5047218315
6623129074
2723185452
3702132109
5252038731
7447080471
6679025768
6325021653
5904292162
5190188004
3442063299
7725646267
3662275700
2346018510
7721282851
2015039773
2635231734
6143051533
6153017570
6142016303
4401131336
6658395535
5610119221
2301095930
7722421988
2119901856
2312180602
7806340492
6632017987
6901034567
5003032673
5260217879
2311123457
5106801049
2610020435
5902011070
6165193250
0255018011
6324056477
5501262398
4807039589
0326539479
5038134250
1215224411
7814731926
7727366949
7802668620
7842154646
9725021886
2204023730
7714425971
7725458129
9201524219
1655317836
5835110281
7826733685
6318163086
0411158428
3662154456
1833045960
5029232652
7842159651
3460074102
7708334042
6321450443
3403028029
6234097180
6234084649
5032230944
6319213043
8602273465
5074056198
6686088078
7733246128
6164049912
5024156976
6686068890
2304068477
7729422557
6147038156
7107551500
7807337510
7719522619
6824003875
6450039834
4502024250
7732538343
3327848193
5249119170
7204151931
7723371828
7723372243
7720458083
2721241655
7810591523
5903097666
3525084278
9204559989
7807114538
5610219064
7718978470
7723906512
1612008625
7736674530
7717782763
6319084447
5408165142
6319096019
7536077632
7707336223
7719406676
7743092710
7725265889
7724309815
7719220495
7729641894
5077025399
5260328610
6102073129
9705139551
5959004021
2634106000
4826022622
5004022621
7713457427
5020083942
6684031157
7743248879
7802862018
5029186702
7017356255
4505201147
7814617571
7713736678
7816182206
7734659551
7729347236
6905039020
1661059284
4027138412
7203462363
7730247518
6684033186
5001122258
5906150759
7751130197
7718906669
6950119894
3528207577
7723886714
7723887429
7751155963
4205377460
7203472210
7722399500
5260405449
9102171058
7413020890
6324027451
3525203817
6454016267
2462036679
7731302384
7708276922
7707357470
7714177447
2225162396
5406590670
9705046530
6674363435
7811645926
6908016976
7724407900
9109003126
3305722045
7451231412
7806432376
7207006788
7734371481
8622002512
5041203619
7810735824
6316247252
2901302032
8602291560
2372002442
7704762488
7840380907
7453186821
4825092200
6319171530
4401142120
5050038915
8602076202
6234182653
2511108706
5027258133
7751021328
5005062458
7709492122
5038121317
8602268120
7017401589
7702744966
9723042016
2116003692
1660308435
2543121876
2511089387
3906361192
2623028946
6147040074
5262351968
7810709486
0722004124
7708328377
7716872125
2722099264
5011017140
3702516271
2013433076
9717080895
2536011262
3702510914
3904076471
7731365360
7804597809
7735162667
3711046671
3305798140
7713450284
6315021742
7703449995
7455032545
5262356444
9710058121
0721005911
6146005824
5244028793
3827046896
6658464147
3661060004
7726184336
5027277591
7203482546
9709051040
3702221609
7802471624
0725008381
6154567697
7811369641
2463239086
7725776058
2372004496
6679025334
2463239015
7707786208
7325116410
7734687608
5609178215
7730187435
6732112923
7722341644
5404435214
7721707688
3305799601
6311184136
1101164430
5260461838
4345215879
7202002469
2462041823
6324060829
7706420271
7840032314
3460057668
7816332821
7720345932
9102213981
7702325027
7720611694
6143071265
5403212529
5407010530
2635075041
9731015070
6155080049
5404082086
9723035202
2221236110
9729145868
5018191186
7707371637
2311220796
6658490690
5030089171
2361016813
7814398721
3804011336
6658435241
5053054908
1502045487
6671092120
0726021730
5047219541
4632260353
1001168336
7801365969
6829038800
7704075654
7802729640
7710386143
6681008209
8602243140
8602243679
6166104397
1660291887
7843008422
1660291870
9717030661
5902037311
2624026067
2636039303
2624000340
7106030801
9702005736
6312200327
7805755617
9731051060
4027140965
2130213412
6729040309
4824017144
2464121190
9715208099
5032294176
2724227352
5957018815
2221238478
7840077820
6154151716
3006007350
2634106385
7536180291
8602251630
7627035365
6501244175
6143060714
7729511888
3250067420
3319006394
3310003166
2723060453
2466264468
7813102851
7817003996
7813177261
7715886083
8601051526
5225006723
7720805643
0277134406
2723130767
7728423276
5029229441
7105053838
5933011017
5024184109
5030093523
7453128139
7610050380
7722595656
7715369399
7536008653
2538141838
5610127776
5261086869
5024138416
5036133170
5445016614
7810235934
3525261079
5263086470
7717543959
7804462294
6658523716
9715341679
5406998950
7810694423
2311093001
2540189114
5505216434
4027113030
2222878199
1833047291
2464238409
7727774112
7107533170
7715771438
5921034186
7802618838
2543111444
7202257273
2618019689
5904161561
2312182790
6164124782
0273924315
0326564972
7727835943
7729773516
5504053427
5503046730
2309104295
7722570789
7604290471
2723096509
9723044077
7730242140
7512006262
5027277513
5044116019
7751165217
3702115590
7107099612
8602177338
9102179836
5047145988
3461007959
9724008770
4205387638
6686123572
7751007605
3128106704
5003105427
2905012013
4029047633
6903030938
3665803998
7447287740
3702213950
2130131946
7733868369
6321358141
6234172768
7415072929
6141033306
6144013805
0562075702
7703711402
2629009234
3702643907
7716909135
7720418524
7810712337
4703152396
9201522772
0326555921
7726415449
3460006261
7714900049
7840485402
5263097880
5259135318
7203447020
5036170936
6950049848
5403015545
5022054030
7811660233
3812055376
5259100410
3812140543
7714637535
6729020447
1655185403
7708726226
6168103261
8602286658
7449136761
1435211930
3123159766
7804408917
6678011145
7326035805
3664067417
1658052377
4317004989
7721501207
5501232530
5021017861
7733137288
6234167528
2466180031
2632805892
7703735139
7451206670
6367031974
5050102053
2721197734
2721198417
7729731072
2634068500
3666163860
7708705843
2311128416
0278125651
7814309111
6230064730
3326009815
4631001540
0816031589
6154143144
5029208748
7722834390
1616024882
7814649260
0572013617
7731570947
9715285914
2311227583
7716841952
5038151015
7604361588
7801674526
7814386910
7811506697
6167102459
6316189434
1904005413
8603104420
5405052091
1660340929
7325151887
9718045974
9729053504
7726395560
6661098187
4705051594
6672361545
7105501818
7719734395
7703709298
7701876127
3811152761
5029153320
7701672162
8604039870
4603008952
5019029429
7743263066
5409012283
4414016838
9718148183
5260339926
7717732498
2466240386
9717077356
0275917419
2015044068
5012020850
7840413341
5023008527
1833012267
7721622610
3445064438
7718885360
2308079166
3702585405
7806314943
5920027274
9718130972
3257067370
7802566266
2801217288
7604300017
5075018999
7811451737
3628018319
6312144697
1657108436
7810837907
6229074042
5610164979
1838023520
2801254184
2130215603
7701414002
1901076617
7017394772
3525367766
7723890083
7708799993
7842509680
7723890206
9725025400
5906121194
2636806569
5031118160
1101055255
5102000560
7814280737
9715215882
5505049769
7724333310
5981007148
2703087915
6950045603
7718041711
7453050034
4716046483
2901200048
3528179418
5038114278
6027163317
4212037722
5405215998
7707648470
5403144477
9102248783
5043065040
3801146695
3015097625
2450029109
2222865432
5047208250
7713451834
7814719862
6168101779
5407127899
7811279797
3525366956
7720829669
6950188979
6670429692
7722807886
6165182040
5050111682
7325098016
7801436602
7703755657
7806472555
6102067260
7734400051
5262362007
3525437734
3328022353
7021059424
6155070837
7743943745
7743103312
2635246770
9717071202
3528293270
6829144245
6234179650
5042149347
7726440082
5038135824
5042149322
7720714555
7453228461
5012055451
7709772850
4028013007
7806509639
8604056089
6732104094
8603214857
0275901240
6683004030
4726000657
6670393171
7733831753
7723425632
5036123809
2352048696
8901034384
6658492480
9201517606
5254081980
7104085403
3304026768
2465185069
4703157651
7735163332
7839085921
3812118386
1657219048
7708340624
6320033292
7736320059
7751003424
5042135961
7733227799
7733848732
1121022554
2466265750
2543032320
5038081520
7719878911
1657141987
1831166511
7814670381
6025051093
6154153304
3257063696
5050122518
5053041842
5050122476
2635098120
8607009810
2461218436
5944203200
2635100562
7802708270
7453276169
2540206835
5505053959
2461033636
9102217746
6621015635
7705920190
4716033195
5053038913
1840040850
7701352187
7730533438
6165178759
8904070670
2308194497
3811161300
3816022741
5024179532
7751086967
9715203485
7728275941
3257031983
9204559026
6678068021
5405409440
6732139795
1101156077
3801080860
1657023630
7204179574
7726760340
2801202370
2371001439
2465321360
2724196104
6906011394
2130101853
7713749518
5905247892
7843302880
7723601454
4341006666
7701747812
7722147492
7716208651
7710182870
7732115676
7713320214
5047209374
9718092340
2521015867
7811685848
7816517830
2224040726
7701681657
5904155247
5410080954
2367010374
5035038445
6673250118
7610092284
5321068560
7727770380
7702532753
2634804990
2225202338
7729604765
7447205530
7722807780
7733842850
7206047936
7206047950
7735175881
5027249851
7736292027
5402038733
4028065750
4027135193
7716881899
7743236714
4703153128
7733188613
7802624831
7723415881
1308084358
2634094394
6679081138
7126019563
8602159307
7703621798
6664087144
3662194265
5321192455
5047205281
5903135294
5403036827
2631036997
2209027199
4826057632
7716503880
1102060917
3918014796
7104072193
6317113621
2511023435
3906961305
5905028499
1513054363
6450095123
1658200723
7734404673
1658200730
7017242265
7017242184
4312141572
7725316357
7730202718
7733283786
5263077651
6164293406
6154147830
6684027633
7705844800
2635121731
5836661186
5260139853
5024188865
5053057169
7702441993
3702204762
7702437570
6321441657
1831188459
6684030280
7453325666
6686111915
5047219372
2309135504
7104071707
6161077527
6685113268
7806238403
9717026746
9105018883
7816639612
9729141711
5024182221
3443138405
6234087343
4252000077
3808099444
5433186178
6625030673
0411139866
6673162567
2723203694
7720450694
5433954905
4401166850
5047177267
7017389349
7203312777
5047156997
5024146512
7726751433
7718989721
7448186255
7453289136
5403011124
7447256703
9718009253
5029192745
4345404121
6949111611
2456016459
7839108456
4212040676
6027193791
6316134234
6950212879
7707397723
0917033303
7713447820
2703095306
2312281520
5609192001
2723204747
6161011847
7701243371
7711072492
7723758913
7453177930
2225167789
1614012754
6725030564
7806230387
7719007015
4703121983
4703121630
7715981410
7810560081
7804360574
0721056955
2310183742
1832125420
7804202673
2311190365
6154140841
5262324700
6677008460
4502027500
7714726577
5834054683
7802770198
6150092403
5258099378
7734733484
5262306620
7841508363
5249135742
7811358640
3334014897
7743857750
7716719825
7731429729
5249121612
7722780585
2462028653
2801142018
6317007060
7703608677
7709675951
7401015230
7701941009
3123300970
2372017167
6102070819
5007105820
2130205098
5402046903
3328014994
5835119750
9109018669
6165074566
7723843125
7734683716
7805381778
6227000856
1656057669
5506161805
5112002100
1658219072
7205031309
9725015191
9201529062
2373016920
7713426901
5904346160
6668019811
6516004345
1650321109
6679084428
5007096580
7811586766
4825099686
5405500152
2450028634
6317112508
2224179573
5754023506
7810743776
2464146701
7734727321
7204208360
0105072210
6449069489
7203295923
2632808156
5012079533
4223049920
5017110434
7801308209
6732124693
7116151604
0269039460
1660325102
2311283394
5257166744
9721022310
3525389583
7610016678
5262345259
1832142425
3662242060
3257049243
6681008270
7817065368
6671172908
7451411800
7722373639
7106053453
9201517003
7724379410
3328014850
4341016505
7743655112
7719641831
4625005063
5904351210
6686095340
2470001581
7839378815
7017231383
2223578110
2628044758
3801993050
6381012469
7724726495
3435128668
9102222922
5908074944
2311216373
2723188100
7726736474
6949113263
3019022268
5036167651
3123415339
6230104421
0245955551
7804439489
5262096122
5406365273
7806463078
1103003728
9715243791
0608040896
1660130230
7804496261
5039010345
7805593540
7806483684
7430016823
3706020420
7716789558
2721189412
5008036537
5017055110
5018201638
2724236766
7702454304
7719837619
7721786190
2634073429
7724656030
6165138330
7718559581
7707594915
5904224860
1650358638
9721060806
2309150206
7716822597
0266047455
9715254698
5406274516
7743839350
2506109824
1655242884
5406801096
1001258928
7806476895
6671235202
0278169419
5408295293
8620023154
5027264842
6658517166
5040155810
0274151675
8602010674
1655237933
9718146919
7203354150
5032213956
7723405844
7810376477
6234169194
9718063814
6501250450
7724855846
5245026774
7842052860
5404287252
6685132790
7723307043
7720227865
7719014573
7418011900
0323391094
5036158343
5047184313
0725019048
5012091851
7722319328
7713684821
7718759904
5048028420
5609183455
7801347744
6670404183
2130121842
6722041085
7814555205
7814544669
7814554709
7814748817
3702210237
9701124988
2543132780
5260452569
3666225838
2801255519
5259148268
5406804330
1655366985
7719452190
4223103984
2224175762
7724429140
5803028820
7813298611
6027186635
2460075256
6671231409
7703518328
7743823487
7702443542
5042106544
7701789996
0277031143
0312001313
5753001161
7203350846
9729056167
7720369108
6234165834
6451017456
2261003049
6451404705
4725481764
5262358402
1657247937
6686108479
2801243383
6950035757
4205309189
5906128489
3616011686
6234144880
7751033309
7731339659
7810633420
7811631899
5507200895
0276094479
7820071530
7806565305
7449124068
7017375530
7709456124
6165005756
6167020950
9204000051
9203000066
8606016099
9204001785
4501196295
7727180750
7705373131
7704305019
6501177948
9729288908
7123502405
2205013438
0706004328
5032236865
6501266901
2625802509
2130107220
7839467293
0708015318
6164112515
3435128932
4027131625
7714969562
2801104735
5902848398
7802684975
3906389279
6732064973
7802630112
9723033639
1648046399
7804605217
2130059182
0525140505
2130059136
1102057223
3328447130
6167090531
5404304532
7018048630
7840430869
7725727332
6025033680
7725747836
7715398287
7841372970
6155080761
4205379644
7727415339
7536048783
9731007110
7604346325
6321344029
7743922713
6671448793
4345383993
6155080546
7733761136
6670335370
6452127821
7751119450
7716818400
6726022421
7104070750
6454083390
5612173464
2543137315
5904372611
2723143526
7444058380
5401337674
5047098230
7723732182
5042148248
9710059171
6732181035
7602149628
7716756591
7838492339
2721233132
6672163790
7839080923
6950204589
7730231701
8617034413
4501164494
4501164342
7413018482
7714920831
2311163869
5405987120
1840058368
7720357247
7703418323
7203399873
7713767588
7714903603
3662189032
7802589471
1655368686
5038122913
1655368710
4501209890
3810060540
8610004473
7838044182
6234149335
9718074566
3814015650
7838497633
3704007375
5029179279
7451347865
6678021545
3808217401
0275070080
7447223779
7325120399
7703201271
9701050951
5031122625
1832156481
2308248382
6713015868
9729136567
2634100922
7705581727
2463248860
7611022748
5903955561
8601052390
5018164619
7840454595
5612071166
5903034391
0263027588
1660318112
5047240102
4027143148
0516012024
2204077767
2225165566
6670428508
7816085851
5260421560
5321180548
7720293177
2305025268
7816196826
5620020655
7751009835
3019016391
6229077501
4703137616
7731291414
7451387459
0274902770
1513075099
5257188917
6663002910
1660341584
6732192365
6732192277
7714869487
5040095946
7723657898
6829139742
1840077233
7610126543
2466188714
5027261055
5034053257
2723192146
6154130829
5027206022
3445110067
6154562434
5959000972
2703095828
7810718924
6726024010
5045062528
2901289840
2704025439
5836664275
7203328223
5047161980
3525395805
1660251161
2721219226
8601055898
5029202721
3666172985
2723211800
7702380074
3015104689
1402018923
7725267815
7449123603
5903114174
2536282255
5504148982
5050132675
5053044890
2902084404
5406388785
0716007342
4502022855
4345485096
4634010366
6658409139
0276147963
2320211389
4826087556
1658146434
5906151470
8901036381
7816656336
7115022853
7203454316
5260456490
4253031409
7811251826
7704335711
7842164933
0267022647
3812525208
7811161058
2520008987
6685004815
3702230730
7717157417
3257027401
4345409320
2635216905
6684023491
3702241651
9729052444
7204186821
7804500856
7841399178
7706590996
4825068127
6673099192
6670340596
6455043810
2628025811
1659110173
0560035430
7733876095
7733876257
2320219282
7811723606
2632086687
7840470050
5256101487
2235006251
3435106720
7804129977
7720291638
7719467894
7722394371
6950084440
7203368071
5262286518
8903032801
7719750566
7716668144
7701801509
7722626350
5257104515
7017401980
0276943926
5903144771
1650388760
3661083442
4707039585
3664226829
9102225835
0726017847
5904200891
0276105667
7820323280
3666041157
6908018356
7720376296
3702174758
7726399853
3023008795
9102258975
5410081348
9729282328
7703473067
5261122563
5609191907
7723443208
2463101088
7816326458
1831179408
7024041249
2308164319
7802722839
7719652858
7327058202
1660117663
3805100518
4108003477
2464211990
7720591705
0726003442
7716683640
7814415543
2311300579
9102261907
1660340260
6449095961
3810083240
2452027361
1837007638
5260471917
7203502859
6503013864
0264064141
7716725032
7327065464
2312227508
2124040539
5612160384
7733232439
2703084400
7729606184
7718786016
2223045055
2455013864
2455003714
3525281565
7451448246
7731459508
7715983432
7715984348
7721817017
7807330426
2466177134
5321185962
2463215381
6320033430
8604069634
7718169528
5906127823
5024141627
9729232599
5405018502
5040153235
6154151096
5256170184
5835135751
9719001384
2308252501
0278937452
5017115665
7725414393
1435255285
1831066605
5009082857
7726605217
2503016561
3328023283
5260464557
5252044870
7203299325
1840019545
5503245310
7743218296
9718094273
2723199712
5032294850
7442000842
7717613860
3702046989
7743948895
1215185314
4501198528
7718312785
2130175213
5260429094
7329022201
7404063030
7451363708
7721814739
6165173944
6640003554
6659188267
5504246108
5503216005
5321122666
6168026673
7725751328
3663055377
3702072940
7713033192
7702244226
6916016680
7708698699
0326475497
7814726500
7724462588
2130207401
5038138487
0553002602
0716012328
3435136891
0561045920
5047154975
9717086110
3812529273
2540209508
5260407238
2225045340
7714522397
1328032358
7705908235
5012059167
7804465104
7714799430
5903011059
1013802211
4309006598
1215170879
7842493127
2465335483
0278944876
7451437220
2130206052
1435337259
5249164990
5042149788
9709038988
4501221907
2116001889
7714448778
2635241860
4327005413
7107543186
6165167683
6155043061
5032023994
7722727976
5005067872
7734431300
5609014288
2308213407
7811566424
7724895172
6234099691
7721205818
7452153647
1101168160
7722795140
4345474295
6680007770
5321192631
7716880172
7430029438
0250016028
5263132239
7814700011
7816647998
7724416790
1659183615
6108008334
0323358876
6452098320
6670486806
5506229429
2463253193
1660196425
6451406413
6162055036
7805306361
1001293224
6321377472
7811169113
5001121423
1655407166
2536312936
6686109257
9715322404
7448220918
5029152502
2116001800
5635021348
6454132545
7723884080
7806511035
7805632527
2502048169
7205021163
5920022325
5921017670
4205045183
7839042597
6164055803
6147019940
7718799960
5022065353
5022065498
5024069515
6679010553
7448115078
3316015633
7017179567
7718306301
5024041125
9102215643
2465149776
1327010753
2540220501
6686079281
0276105321
7810737370
5263105130
7734719560
5406774300
6658439380
7717757774
7713773454
5018190320
1660295835
5904352196
9701047797
7802779962
6501220329
7713654136
7736600779
6454078506
2443043085
3702715446
7203301969
6952016492
6234131391
7017143987
1513076737
6155081395
3801128022
3662279470
7810320932
0277069919
5017075973
0411122277
3304025965
5504154489
6143096453
2014017294
3019024508
1101161782
2460109152
6161062070
7716748223
5017098402
0571003101
7627050229
2312268374
5504152450
5053046008
7706669325
7716103289
7024013347
5007054371
7725233132
0562073303
2464254351
5504241220
2464254601
4205272620
7726342960
7724322213
4723002712
5401334779
0277901950
9717072012
0105069970
5047147248
5023009400
5031070310
5053049200
7807359707
5836612446
2722119337
6440021605
6686099190
3127016399
5405009177
5905284615
7720239349
7806438466
7816678812
9701117596
7839105705
7719480743
9717070079
5003073359
7723628921
7743660232
1001054339
4345252119
2365007390
1102056558
6670429251
2901258520
6671012238
5047169450
6141047901
2127321721
0721002597
5257084428
3025033099
5041207324
2703096652
5078019937
7415088534
2209044691
2301076102
7735520200
5009024291
1650293596
4823060500
0277138560
4708000799
7105503886
5252044534
7806559284
7447246060
2723194898
7817070209
3804112937
7727418072
0573012415
6311149893
2342019819
3913505487
7718149338
4345381097
7839492525
2983009699
5263140208
2310214567
5406797805
5911050502
7708733953
5903028662
3257055230
6732149112
2225152574
7733895637
7734733029
2312203962
6162065490
6671432627
3664094280
7721715128
5047195001
7805693777
5404051024
9717007849
1831183517
2722110165
2723099450
7713681877
7424021430
1001218259
2628050254
7536174210
0601029244
5190083146
7726407254
2632108740
7806274955
7203424632
5504154094
7743256573
2507012871
7718770714
5903111470
5433195581
0261019486
5001084852
5260317672
4501176637
6679019940
7736672580
6316218332
7813109127
6164321974
2466278460
6950191026
6678052416
5404015604
3906966254
7733241916
7719419080
0514001041
7017381029
5036151242
5407045251
2722060933
7840404185
6684018572
5904040461
4205307706
7715479539
6950043620
7733260370
7743129871
3327130934
7842461421
3702050696
7819315856
2724229102
4217189743
5018194412
6446011723
5528208542
5254024237
9718079148
0571011455
1835049657
4825071673
9102232617
3810052299
7017270181
5906010568
2346015170
3663133434
7325158593
2902085165
9718088537
2221238100
5902822819
2724137268
4401064545
7743121689
7453287210
7724304486
7801272288
9102168672
3252005281
2628050102
7714782701
3015105241
9731039472
2348041176
6147040677
3328022829
5405969730
6671032001
7720606895
6164300950
1516609888
2224196554
5834122911
5050140813
9729280024
7724383583
3705009720
2225102615
4501143857
4205009957
1655303657
5249117782
5249117800
5249117824
7721316532
6950036341
6670317879
7721112338
4720028649
4024014320
7327068377
7415081754
0277130578
6950169084
3917031816
5044034542
2723178991
7806387290
4217179946
5263127447
1657230789
5252040635
6311025866
7706808138
7806522781
6683009127
7224067822
7811525650
3525284615
3525282801
2225110366
6312194105
3702211858
1650151400
6453075340
6141030658
3015092497
4205178352
5032126573
7328067200
3702181434
9717062423
7704434423
2320250074
7707382886
7449133626
0326552335
7713760688
5948043445
5029169785
6315606484
6161063764
7729572175
7708703324
7743777110
7724740429
6923007084
6229067729
7802319980
6662113920
7203109750
7718084899
7719121039
7715204171
5027132878
5261089242
5001097481
7810221561
7810157250
7810149354
3445080454
7716573823
2130078587
5003076310
8602226560
5107909976
6501231835
6673183704
6325043826
2801219951
5410060130
7203390937
5260074211
7839093190
7802638400
7710939479
3102208300
6623090010
1435260616
5012075458
7734182533
7725744200
5262238306
4716033491
1435251379
1435251435
5040121025
4025047872
7723494080
2461216446
3015048219
5406184407
9717044569
7713422216
2463244329
8603196982
7811547125
5401962981
2312200256
7730682119
7603055732
2801072829
1656100963
5044110602
7602140801
3123429317
2543120417
8603213388
7707331458
7810329773
9721067199
7103054346
7840082234
7720434043
7723526214
2629011674
5903113195
6671004011
7709852657
7701755732
7707518086
1828031715
5902055857
7724490708
7722480581
9717087570
7716915548
9718056630
3849063366
0917031930
1659176030
6828008881
7321008452
2466280269
7733541187
7810856018
0236012800
7706768661
5408239041
7839443729
0277911902
3702150806
7730201337
2466244038
1101061570
2312093759
7106066043
6673247490
3812156423
6025042187
5259095721
3665071127
5835084810
7728722942
6658521099
2801245292
4217040736
7107132130
2224198400
4437000577
7730698408
7728864577
7839489681
5753201435
4715021535
0276132646
3663143217
2465325510
7813415237
3015071610
7723517509
6451016251
5903997071
7448200679
2901283421
7743772031
2625800371
2636801680
8903036482
7804657984
9723091905
2464150257
3435060723
1658021555
1659039812
1435238635
2463099199
3123455927
4345492760
6950096090
7717752381
7736212688
5027150877
6686117226
9102257178
7719826286
2636208907
9108112010
6324003740
7715823277
6168018802
7202258132
5048032049
7017346546
5047123720
7807029138
5402497624
1635011021
5535010215
6154091104
3444208782
3702710448
2225142431
6680002966
7326046645
3702733283
3328496811
4205373963
7813622233
7802678315
9729065274
7810671151
5410066036
7709913772
4205390408
5906146819
6155076980
6311171715
5638076835
7722722142
3915502273
6671385649
7804626922
2465167567
3525403816
5321189879
4220035239
5838044830
5008049550
5838045954
5017072122
3528311345
6671458872
7205000011
7217000087
7204039697
7726414438
7751099677
9203543312
4020006512
7524187486
6321411564
2450033063
5404030955
5027238313
5904381408
2827010136
5528048585
2463005592
7704697207
5032194037
6829148803
7203479102
7720794046
1310000700
4511006063
7713691508
7802704660
7819042447
2463219876
7710504990
7717667009
7804480695
6950108324
1650318120
7813235298
1644058185
6141021685
5402017860
5405974681
5911079935
1020016233
0323123352
0323121813
2225197550
5904371953
6345030198
3257010599
5506228217
6670329722
6163112329
4401016372
4401028402
5260118162
2224116118
5010004740
2127329456
7725713890
3808238031
6732077605
3327103835
2536109910
6661026633
7723917923
9201004636
7107551067
6623123097
3019022412
7107121265
7453321291
2634102694
7730243866
4632199275
7728188544
2224171292
6682007705
9723095674
2014020868
7729700194
6163100972
0276157619
1435281599
7604261696
2804015459
7840307093
0814165971
4703037964
7811536268
7203279382
6234104704
7203279576
3662214313
3525356066
7714354551
6317108607
5260444494
2635213372
6311160216
5753063432
2319059588
0263009003
9201006270
7802623355
9731060298
9724002626
9719001306
9731060273
7724673620
5018145253
6915014176
6165182917
6451000808
5911997357
6670412890
7813579718
1435334498
7735178032
9709034824
3849026950
6324035580
3454000060
2224165852
7722473545
7720457629
2723204666
3816030301
6230108000
5048048296
2310205876
1840077956
3257059731
2311254523
2463099520
0278198032
6149018772
2303000910
2302031009
2309008513
6678078661
2204082319
9701061110
4716029417
2225194623
5405025500
6677012033
0273920864
1840081286
2209039973
2222785106
7730083299
7802283170
5043057875
2536292077
1832137640
6452120343
7814516502
7825058290
7813239567
1657205969
5410073442
8617035093
7806540068
9718095679
3661086130
5047200082
7203423886
1648041619
7721363719
7718278830
6204005424
7838315932
7725293029
3454002879
6686084757
7802593044
0601027173
5190063710
0105039911
5020069306
9723047889
5443027427
1435332758
5403050130
6123024531
2222876339
5838003778
0726011450
2543061240
5405967726
7720325340
7430010853
6318039018
2364017357
8619016709
9731011357
5904366590
2459018020
2457068643
7721719115
5903002939
7327079019
6677009440
4205330783
6229081917
6685116036
5004027926
2634097250
5038122261
0274146925
7722847310
1831167064
5260388881
7715632000
5401353838
5252013021
4501211465
7719461606
3702166034
5403041087
7702430688
7805251666
7813474313
5917004100
9709013006
6154150141
7717287046
7814216435
2466161695
1903022977
3525402019
4826132103
9701076251
2461227053
5040132690
5009092527